canvas 0 0 1250 1000
shape r0 rectangle
shape r1 rectangle
shape r2 rectangle
shape r3 rectangle
shape r4 rectangle
shape r5 rectangle
shape r6 rectangle
motion r0 1 150 300 30 30 0 0 0 1 150 300 30 30 0 0 0
motion r1 1 300 300 50 50 0 0 0 1 300 300 50 50 0 0 0
motion r2 1 450 300 10 10 0 0 0 1 450 300 10 10 0 0 0
motion r3 1 600 300 100 100 0 0 0 1 600 300 100 100 0 0 0
motion r4 1 750 300 40 40 0 0 0 1 750 300 40 40 0 0 0
motion r5 1 900 300 90 90 0 0 0 1 900 300 90 90 0 0 0
motion r6 1 1050 300 60 60 0 0 0 1 1050 300 60 60 0 0 0
motion r1 5 300 300 50 50 0 0 0 20 450 300 50 50 0 0 0
motion r2 5 450 300 10 10 0 0 0 20 300 300 10 10 0 0 0
motion r3 25 600 300 100 100 0 0 0 40 750 300 100 100 0 0 0
motion r4 25 750 300 40 40 0 0 0 40 600 300 40 40 0 0 0
motion r3 45 750 300 100 100 0 0 0 60 900 300 100 100 0 0 0
motion r5 45 900 300 90 90 0 0 0 60 750 300 90 90 0 0 0
motion r3 65 900 300 100 100 0 0 0 80 1050 300 100 100 0 0 0
motion r6 65 1050 300 60 60 0 0 0 80 900 300 60 60 0 0 0
motion r0 85 150 300 30 30 0 0 0 100 300 300 30 30 0 0 0
motion r2 85 300 300 10 10 0 0 0 100 150 300 10 10 0 0 0
motion r1 105 450 300 50 50 0 0 0 120 600 300 50 50 0 0 0
motion r4 105 600 300 40 40 0 0 0 120 450 300 40 40 0 0 0
motion r5 125 750 300 90 90 0 0 0 140 900 300 90 90 0 0 0
motion r6 125 900 300 60 60 0 0 0 140 750 300 60 60 0 0 0
