canvas 0 0 800 800
shape R0 rectangle
motion R0 1 380 380 40 40 0 0 0 1 380 380 40 40 0 0 0
motion R0 1 360 360 80 80 0 0 0 2 360 360 80 80 0 0 0
motion R0 2 340 340 120 120 0 0 0 3 340 340 120 120 0 0 0
motion R0 3 320 320 160 160 0 0 0 4 320 320 160 160 0 0 0
motion R0 4 300 300 200 200 0 0 0 5 300 300 200 200 0 0 0
motion R0 5 280 280 240 240 0 0 0 6 280 280 240 240 0 0 0
motion R0 6 260 260 280 280 0 0 0 7 260 260 280 280 0 0 0
motion R0 7 240 240 320 320 0 0 0 8 240 240 320 320 0 0 0
motion R0 8 220 220 360 360 0 0 0 9 220 220 360 360 0 0 0
motion R0 9 200 200 400 400 0 0 0 10 200 200 400 400 0 0 0
motion R0 10 180 180 440 440 0 0 0 11 180 180 440 440 0 0 0
motion R0 11 160 160 480 480 0 0 0 12 160 160 480 480 0 0 0
motion R0 12 140 140 520 520 0 0 0 13 140 140 520 520 0 0 0
motion R0 13 120 120 560 560 0 0 0 14 120 120 560 560 0 0 0
motion R0 14 100 100 600 600 0 0 0 15 100 100 600 600 0 0 0
motion R0 15 80 80 640 640 0 0 0 16 80 80 640 640 0 0 0
motion R0 16 60 60 680 680 0 0 0 17 60 60 680 680 0 0 0
motion R0 17 40 40 720 720 0 0 0 18 40 40 720 720 0 0 0
motion R0 18 20 20 760 760 0 0 0 19 20 20 760 760 0 0 0
motion R0 19 0 0 800 800 0 0 0 20 0 0 800 800 0 0 0
shape R1 rectangle
motion R1 2 380 380 40 40 255 255 255 2 380 380 40 40 255 255 255
motion R1 2 360 360 80 80 9 5 3 3 360 360 80 80 66 82 130
motion R1 3 340 340 120 120 233 124 245 4 340 340 120 120 97 71 213
motion R1 4 320 320 160 160 227 220 53 5 320 320 160 160 10 209 4
motion R1 5 300 300 200 200 212 175 230 6 300 300 200 200 22 30 211
motion R1 6 280 280 240 240 245 213 246 7 280 280 240 240 79 230 27
motion R1 7 260 260 280 280 156 174 185 8 260 260 280 280 104 37 181
motion R1 8 240 240 320 320 38 38 180 9 240 240 320 320 21 198 204
motion R1 9 220 220 360 360 213 166 9 10 220 220 360 360 108 185 131
motion R1 10 200 200 400 400 190 38 50 11 200 200 400 400 65 196 115
motion R1 11 180 180 440 440 129 140 222 12 180 180 440 440 124 206 93
motion R1 12 160 160 480 480 89 7 14 13 160 160 480 480 237 39 237
motion R1 13 140 140 520 520 80 209 229 14 140 140 520 520 68 202 95
motion R1 14 120 120 560 560 11 231 6 15 120 120 560 560 96 58 78
motion R1 15 100 100 600 600 147 152 80 16 100 100 600 600 60 137 212
motion R1 16 80 80 640 640 156 95 178 17 80 80 640 640 114 27 239
motion R1 17 60 60 680 680 196 130 39 18 60 60 680 680 146 103 209
motion R1 18 40 40 720 720 142 103 106 19 40 40 720 720 41 49 105
motion R1 19 20 20 760 760 216 152 130 20 20 20 760 760 65 45 31
motion R1 20 0 0 800 800 98 102 250 21 0 0 800 800 171 47 103
shape R2 rectangle
motion R2 3 380 380 40 40 0 0 0 3 380 380 40 40 0 0 0
motion R2 3 360 360 80 80 0 0 0 4 360 360 80 80 0 0 0
motion R2 4 340 340 120 120 0 0 0 5 340 340 120 120 0 0 0
motion R2 5 320 320 160 160 0 0 0 6 320 320 160 160 0 0 0
motion R2 6 300 300 200 200 0 0 0 7 300 300 200 200 0 0 0
motion R2 7 280 280 240 240 0 0 0 8 280 280 240 240 0 0 0
motion R2 8 260 260 280 280 0 0 0 9 260 260 280 280 0 0 0
motion R2 9 240 240 320 320 0 0 0 10 240 240 320 320 0 0 0
motion R2 10 220 220 360 360 0 0 0 11 220 220 360 360 0 0 0
motion R2 11 200 200 400 400 0 0 0 12 200 200 400 400 0 0 0
motion R2 12 180 180 440 440 0 0 0 13 180 180 440 440 0 0 0
motion R2 13 160 160 480 480 0 0 0 14 160 160 480 480 0 0 0
motion R2 14 140 140 520 520 0 0 0 15 140 140 520 520 0 0 0
motion R2 15 120 120 560 560 0 0 0 16 120 120 560 560 0 0 0
motion R2 16 100 100 600 600 0 0 0 17 100 100 600 600 0 0 0
motion R2 17 80 80 640 640 0 0 0 18 80 80 640 640 0 0 0
motion R2 18 60 60 680 680 0 0 0 19 60 60 680 680 0 0 0
motion R2 19 40 40 720 720 0 0 0 20 40 40 720 720 0 0 0
motion R2 20 20 20 760 760 0 0 0 21 20 20 760 760 0 0 0
motion R2 21 0 0 800 800 0 0 0 22 0 0 800 800 0 0 0
shape R3 rectangle
motion R3 4 380 380 40 40 255 255 255 4 380 380 40 40 255 255 255
motion R3 4 360 360 80 80 47 74 217 5 360 360 80 80 24 161 163
motion R3 5 340 340 120 120 119 24 190 6 340 340 120 120 139 254 26
motion R3 6 320 320 160 160 232 193 172 7 320 320 160 160 166 199 245
motion R3 7 300 300 200 200 244 234 254 8 300 300 200 200 77 91 42
motion R3 8 280 280 240 240 130 55 216 9 280 280 240 240 58 227 136
motion R3 9 260 260 280 280 141 45 88 10 260 260 280 280 110 251 111
motion R3 10 240 240 320 320 157 12 129 11 240 240 320 320 66 114 217
motion R3 11 220 220 360 360 95 38 78 12 220 220 360 360 124 157 223
motion R3 12 200 200 400 400 84 148 161 13 200 200 400 400 78 233 51
motion R3 13 180 180 440 440 148 85 121 14 180 180 440 440 230 64 33
motion R3 14 160 160 480 480 115 162 110 15 160 160 480 480 166 49 117
motion R3 15 140 140 520 520 241 126 69 16 140 140 520 520 7 48 20
motion R3 16 120 120 560 560 6 34 101 17 120 120 560 560 108 120 35
motion R3 17 100 100 600 600 60 190 83 18 100 100 600 600 28 71 119
motion R3 18 80 80 640 640 76 162 128 19 80 80 640 640 72 60 62
motion R3 19 60 60 680 680 208 70 116 20 60 60 680 680 3 191 137
motion R3 20 40 40 720 720 211 187 138 21 40 40 720 720 80 40 206
motion R3 21 20 20 760 760 228 136 13 22 20 20 760 760 152 59 237
motion R3 22 0 0 800 800 76 51 128 23 0 0 800 800 144 26 115
shape R4 rectangle
motion R4 5 380 380 40 40 0 0 0 5 380 380 40 40 0 0 0
motion R4 5 360 360 80 80 0 0 0 6 360 360 80 80 0 0 0
motion R4 6 340 340 120 120 0 0 0 7 340 340 120 120 0 0 0
motion R4 7 320 320 160 160 0 0 0 8 320 320 160 160 0 0 0
motion R4 8 300 300 200 200 0 0 0 9 300 300 200 200 0 0 0
motion R4 9 280 280 240 240 0 0 0 10 280 280 240 240 0 0 0
motion R4 10 260 260 280 280 0 0 0 11 260 260 280 280 0 0 0
motion R4 11 240 240 320 320 0 0 0 12 240 240 320 320 0 0 0
motion R4 12 220 220 360 360 0 0 0 13 220 220 360 360 0 0 0
motion R4 13 200 200 400 400 0 0 0 14 200 200 400 400 0 0 0
motion R4 14 180 180 440 440 0 0 0 15 180 180 440 440 0 0 0
motion R4 15 160 160 480 480 0 0 0 16 160 160 480 480 0 0 0
motion R4 16 140 140 520 520 0 0 0 17 140 140 520 520 0 0 0
motion R4 17 120 120 560 560 0 0 0 18 120 120 560 560 0 0 0
motion R4 18 100 100 600 600 0 0 0 19 100 100 600 600 0 0 0
motion R4 19 80 80 640 640 0 0 0 20 80 80 640 640 0 0 0
motion R4 20 60 60 680 680 0 0 0 21 60 60 680 680 0 0 0
motion R4 21 40 40 720 720 0 0 0 22 40 40 720 720 0 0 0
motion R4 22 20 20 760 760 0 0 0 23 20 20 760 760 0 0 0
motion R4 23 0 0 800 800 0 0 0 24 0 0 800 800 0 0 0
shape R5 rectangle
motion R5 6 380 380 40 40 255 255 255 6 380 380 40 40 255 255 255
motion R5 6 360 360 80 80 251 243 50 7 360 360 80 80 42 241 0
motion R5 7 340 340 120 120 222 180 153 8 340 340 120 120 248 67 123
motion R5 8 320 320 160 160 168 155 128 9 320 320 160 160 85 119 0
motion R5 9 300 300 200 200 113 77 88 10 300 300 200 200 104 131 253
motion R5 10 280 280 240 240 204 159 81 11 280 280 240 240 5 112 16
motion R5 11 260 260 280 280 108 109 22 12 260 260 280 280 249 175 184
motion R5 12 240 240 320 320 131 95 176 13 240 240 320 320 212 60 209
motion R5 13 220 220 360 360 188 132 171 14 220 220 360 360 250 168 224
motion R5 14 200 200 400 400 102 194 55 15 200 200 400 400 196 238 199
motion R5 15 180 180 440 440 41 28 32 16 180 180 440 440 42 137 58
motion R5 16 160 160 480 480 6 92 213 17 160 160 480 480 121 202 167
motion R5 17 140 140 520 520 112 224 147 18 140 140 520 520 214 77 163
motion R5 18 120 120 560 560 152 40 167 19 120 120 560 560 95 0 209
motion R5 19 100 100 600 600 67 39 173 20 100 100 600 600 99 237 206
motion R5 20 80 80 640 640 232 252 211 21 80 80 640 640 51 250 53
motion R5 21 60 60 680 680 13 168 170 22 60 60 680 680 128 151 81
motion R5 22 40 40 720 720 139 226 166 23 40 40 720 720 181 83 209
motion R5 23 20 20 760 760 199 39 234 24 20 20 760 760 90 23 238
motion R5 24 0 0 800 800 192 233 243 25 0 0 800 800 1 17 180
shape R6 rectangle
motion R6 7 380 380 40 40 0 0 0 7 380 380 40 40 0 0 0
motion R6 7 360 360 80 80 0 0 0 8 360 360 80 80 0 0 0
motion R6 8 340 340 120 120 0 0 0 9 340 340 120 120 0 0 0
motion R6 9 320 320 160 160 0 0 0 10 320 320 160 160 0 0 0
motion R6 10 300 300 200 200 0 0 0 11 300 300 200 200 0 0 0
motion R6 11 280 280 240 240 0 0 0 12 280 280 240 240 0 0 0
motion R6 12 260 260 280 280 0 0 0 13 260 260 280 280 0 0 0
motion R6 13 240 240 320 320 0 0 0 14 240 240 320 320 0 0 0
motion R6 14 220 220 360 360 0 0 0 15 220 220 360 360 0 0 0
motion R6 15 200 200 400 400 0 0 0 16 200 200 400 400 0 0 0
motion R6 16 180 180 440 440 0 0 0 17 180 180 440 440 0 0 0
motion R6 17 160 160 480 480 0 0 0 18 160 160 480 480 0 0 0
motion R6 18 140 140 520 520 0 0 0 19 140 140 520 520 0 0 0
motion R6 19 120 120 560 560 0 0 0 20 120 120 560 560 0 0 0
motion R6 20 100 100 600 600 0 0 0 21 100 100 600 600 0 0 0
motion R6 21 80 80 640 640 0 0 0 22 80 80 640 640 0 0 0
motion R6 22 60 60 680 680 0 0 0 23 60 60 680 680 0 0 0
motion R6 23 40 40 720 720 0 0 0 24 40 40 720 720 0 0 0
motion R6 24 20 20 760 760 0 0 0 25 20 20 760 760 0 0 0
motion R6 25 0 0 800 800 0 0 0 26 0 0 800 800 0 0 0
shape R7 rectangle
motion R7 8 380 380 40 40 255 255 255 8 380 380 40 40 255 255 255
motion R7 8 360 360 80 80 105 51 1 9 360 360 80 80 164 33 188
motion R7 9 340 340 120 120 31 197 222 10 340 340 120 120 60 165 40
motion R7 10 320 320 160 160 164 57 201 11 320 320 160 160 109 203 195
motion R7 11 300 300 200 200 141 104 140 12 300 300 200 200 152 231 94
motion R7 12 280 280 240 240 87 191 76 13 280 280 240 240 150 115 10
motion R7 13 260 260 280 280 26 106 11 14 260 260 280 280 35 237 26
motion R7 14 240 240 320 320 42 35 219 15 240 240 320 320 43 122 89
motion R7 15 220 220 360 360 33 246 38 16 220 220 360 360 62 137 178
motion R7 16 200 200 400 400 203 153 126 17 200 200 400 400 203 118 190
motion R7 17 180 180 440 440 70 46 192 18 180 180 440 440 220 123 145
motion R7 18 160 160 480 480 212 152 134 19 160 160 480 480 239 130 55
motion R7 19 140 140 520 520 60 252 141 20 140 140 520 520 234 53 6
motion R7 20 120 120 560 560 168 45 40 21 120 120 560 560 242 14 12
motion R7 21 100 100 600 600 68 185 7 22 100 100 600 600 119 100 241
motion R7 22 80 80 640 640 127 243 62 23 80 80 640 640 128 34 200
motion R7 23 60 60 680 680 19 38 8 24 60 60 680 680 124 68 164
motion R7 24 40 40 720 720 171 225 41 25 40 40 720 720 38 113 173
motion R7 25 20 20 760 760 92 211 8 26 20 20 760 760 124 46 162
motion R7 26 0 0 800 800 59 190 172 27 0 0 800 800 213 174 138
shape R8 rectangle
motion R8 9 380 380 40 40 0 0 0 9 380 380 40 40 0 0 0
motion R8 9 360 360 80 80 0 0 0 10 360 360 80 80 0 0 0
motion R8 10 340 340 120 120 0 0 0 11 340 340 120 120 0 0 0
motion R8 11 320 320 160 160 0 0 0 12 320 320 160 160 0 0 0
motion R8 12 300 300 200 200 0 0 0 13 300 300 200 200 0 0 0
motion R8 13 280 280 240 240 0 0 0 14 280 280 240 240 0 0 0
motion R8 14 260 260 280 280 0 0 0 15 260 260 280 280 0 0 0
motion R8 15 240 240 320 320 0 0 0 16 240 240 320 320 0 0 0
motion R8 16 220 220 360 360 0 0 0 17 220 220 360 360 0 0 0
motion R8 17 200 200 400 400 0 0 0 18 200 200 400 400 0 0 0
motion R8 18 180 180 440 440 0 0 0 19 180 180 440 440 0 0 0
motion R8 19 160 160 480 480 0 0 0 20 160 160 480 480 0 0 0
motion R8 20 140 140 520 520 0 0 0 21 140 140 520 520 0 0 0
motion R8 21 120 120 560 560 0 0 0 22 120 120 560 560 0 0 0
motion R8 22 100 100 600 600 0 0 0 23 100 100 600 600 0 0 0
motion R8 23 80 80 640 640 0 0 0 24 80 80 640 640 0 0 0
motion R8 24 60 60 680 680 0 0 0 25 60 60 680 680 0 0 0
motion R8 25 40 40 720 720 0 0 0 26 40 40 720 720 0 0 0
motion R8 26 20 20 760 760 0 0 0 27 20 20 760 760 0 0 0
motion R8 27 0 0 800 800 0 0 0 28 0 0 800 800 0 0 0
shape R9 rectangle
motion R9 10 380 380 40 40 255 255 255 10 380 380 40 40 255 255 255
motion R9 10 360 360 80 80 38 12 175 11 360 360 80 80 80 131 78
motion R9 11 340 340 120 120 18 60 1 12 340 340 120 120 76 57 16
motion R9 12 320 320 160 160 144 15 14 13 320 320 160 160 158 194 185
motion R9 13 300 300 200 200 249 148 198 14 300 300 200 200 145 214 110
motion R9 14 280 280 240 240 156 58 161 15 280 280 240 240 62 184 120
motion R9 15 260 260 280 280 255 70 167 16 260 260 280 280 55 174 131
motion R9 16 240 240 320 320 42 181 204 17 240 240 320 320 26 211 27
motion R9 17 220 220 360 360 109 10 157 18 220 220 360 360 131 126 149
motion R9 18 200 200 400 400 2 150 154 19 200 200 400 400 178 134 241
motion R9 19 180 180 440 440 116 203 225 20 180 180 440 440 119 10 179
motion R9 20 160 160 480 480 143 199 224 21 160 160 480 480 92 59 235
motion R9 21 140 140 520 520 135 208 11 22 140 140 520 520 156 1 29
motion R9 22 120 120 560 560 1 33 246 23 120 120 560 560 155 87 176
motion R9 23 100 100 600 600 72 2 68 24 100 100 600 600 232 228 194
motion R9 24 80 80 640 640 85 158 47 25 80 80 640 640 54 134 150
motion R9 25 60 60 680 680 214 111 189 26 60 60 680 680 78 85 197
motion R9 26 40 40 720 720 194 179 20 27 40 40 720 720 181 25 180
motion R9 27 20 20 760 760 44 186 117 28 20 20 760 760 29 50 82
motion R9 28 0 0 800 800 185 172 144 29 0 0 800 800 1 165 36
shape R10 rectangle
motion R10 11 380 380 40 40 0 0 0 11 380 380 40 40 0 0 0
motion R10 11 360 360 80 80 0 0 0 12 360 360 80 80 0 0 0
motion R10 12 340 340 120 120 0 0 0 13 340 340 120 120 0 0 0
motion R10 13 320 320 160 160 0 0 0 14 320 320 160 160 0 0 0
motion R10 14 300 300 200 200 0 0 0 15 300 300 200 200 0 0 0
motion R10 15 280 280 240 240 0 0 0 16 280 280 240 240 0 0 0
motion R10 16 260 260 280 280 0 0 0 17 260 260 280 280 0 0 0
motion R10 17 240 240 320 320 0 0 0 18 240 240 320 320 0 0 0
motion R10 18 220 220 360 360 0 0 0 19 220 220 360 360 0 0 0
motion R10 19 200 200 400 400 0 0 0 20 200 200 400 400 0 0 0
motion R10 20 180 180 440 440 0 0 0 21 180 180 440 440 0 0 0
motion R10 21 160 160 480 480 0 0 0 22 160 160 480 480 0 0 0
motion R10 22 140 140 520 520 0 0 0 23 140 140 520 520 0 0 0
motion R10 23 120 120 560 560 0 0 0 24 120 120 560 560 0 0 0
motion R10 24 100 100 600 600 0 0 0 25 100 100 600 600 0 0 0
motion R10 25 80 80 640 640 0 0 0 26 80 80 640 640 0 0 0
motion R10 26 60 60 680 680 0 0 0 27 60 60 680 680 0 0 0
motion R10 27 40 40 720 720 0 0 0 28 40 40 720 720 0 0 0
motion R10 28 20 20 760 760 0 0 0 29 20 20 760 760 0 0 0
motion R10 29 0 0 800 800 0 0 0 30 0 0 800 800 0 0 0
shape R11 rectangle
motion R11 12 380 380 40 40 255 255 255 12 380 380 40 40 255 255 255
motion R11 12 360 360 80 80 59 218 214 13 360 360 80 80 16 185 223
motion R11 13 340 340 120 120 204 233 88 14 340 340 120 120 232 76 118
motion R11 14 320 320 160 160 82 101 237 15 320 320 160 160 157 159 191
motion R11 15 300 300 200 200 39 68 222 16 300 300 200 200 197 213 147
motion R11 16 280 280 240 240 19 76 56 17 280 280 240 240 228 60 44
motion R11 17 260 260 280 280 196 16 244 18 260 260 280 280 121 132 116
motion R11 18 240 240 320 320 233 48 74 19 240 240 320 320 151 47 65
motion R11 19 220 220 360 360 34 27 107 20 220 220 360 360 201 28 246
motion R11 20 200 200 400 400 37 2 169 21 200 200 400 400 74 137 69
motion R11 21 180 180 440 440 24 204 251 22 180 180 440 440 49 195 136
motion R11 22 160 160 480 480 9 152 109 23 160 160 480 480 72 105 142
motion R11 23 140 140 520 520 224 34 55 24 140 140 520 520 241 19 238
motion R11 24 120 120 560 560 61 209 66 25 120 120 560 560 227 228 129
motion R11 25 100 100 600 600 107 186 207 26 100 100 600 600 188 233 104
motion R11 26 80 80 640 640 76 8 222 27 80 80 640 640 172 92 110
motion R11 27 60 60 680 680 216 225 48 28 60 60 680 680 168 162 199
motion R11 28 40 40 720 720 115 217 75 29 40 40 720 720 37 111 99
motion R11 29 20 20 760 760 223 229 155 30 20 20 760 760 62 86 187
motion R11 30 0 0 800 800 150 141 102 31 0 0 800 800 82 21 162
shape R12 rectangle
motion R12 13 380 380 40 40 0 0 0 13 380 380 40 40 0 0 0
motion R12 13 360 360 80 80 0 0 0 14 360 360 80 80 0 0 0
motion R12 14 340 340 120 120 0 0 0 15 340 340 120 120 0 0 0
motion R12 15 320 320 160 160 0 0 0 16 320 320 160 160 0 0 0
motion R12 16 300 300 200 200 0 0 0 17 300 300 200 200 0 0 0
motion R12 17 280 280 240 240 0 0 0 18 280 280 240 240 0 0 0
motion R12 18 260 260 280 280 0 0 0 19 260 260 280 280 0 0 0
motion R12 19 240 240 320 320 0 0 0 20 240 240 320 320 0 0 0
motion R12 20 220 220 360 360 0 0 0 21 220 220 360 360 0 0 0
motion R12 21 200 200 400 400 0 0 0 22 200 200 400 400 0 0 0
motion R12 22 180 180 440 440 0 0 0 23 180 180 440 440 0 0 0
motion R12 23 160 160 480 480 0 0 0 24 160 160 480 480 0 0 0
motion R12 24 140 140 520 520 0 0 0 25 140 140 520 520 0 0 0
motion R12 25 120 120 560 560 0 0 0 26 120 120 560 560 0 0 0
motion R12 26 100 100 600 600 0 0 0 27 100 100 600 600 0 0 0
motion R12 27 80 80 640 640 0 0 0 28 80 80 640 640 0 0 0
motion R12 28 60 60 680 680 0 0 0 29 60 60 680 680 0 0 0
motion R12 29 40 40 720 720 0 0 0 30 40 40 720 720 0 0 0
motion R12 30 20 20 760 760 0 0 0 31 20 20 760 760 0 0 0
motion R12 31 0 0 800 800 0 0 0 32 0 0 800 800 0 0 0
shape R13 rectangle
motion R13 14 380 380 40 40 255 255 255 14 380 380 40 40 255 255 255
motion R13 14 360 360 80 80 46 39 53 15 360 360 80 80 106 9 242
motion R13 15 340 340 120 120 177 68 46 16 340 340 120 120 26 52 57
motion R13 16 320 320 160 160 142 237 209 17 320 320 160 160 62 32 85
motion R13 17 300 300 200 200 39 221 187 18 300 300 200 200 55 39 151
motion R13 18 280 280 240 240 23 8 60 19 280 280 240 240 101 212 7
motion R13 19 260 260 280 280 13 84 92 20 260 260 280 280 8 132 217
motion R13 20 240 240 320 320 35 81 54 21 240 240 320 320 27 116 249
motion R13 21 220 220 360 360 70 168 221 22 220 220 360 360 139 4 126
motion R13 22 200 200 400 400 118 132 113 23 200 200 400 400 84 190 158
motion R13 23 180 180 440 440 22 0 7 24 180 180 440 440 11 147 32
motion R13 24 160 160 480 480 58 191 104 25 160 160 480 480 123 131 231
motion R13 25 140 140 520 520 109 149 2 26 140 140 520 520 241 247 156
motion R13 26 120 120 560 560 167 12 199 27 120 120 560 560 46 246 104
motion R13 27 100 100 600 600 13 218 31 28 100 100 600 600 50 69 107
motion R13 28 80 80 640 640 61 180 24 29 80 80 640 640 96 252 244
motion R13 29 60 60 680 680 221 39 112 30 60 60 680 680 120 153 17
motion R13 30 40 40 720 720 234 47 208 31 40 40 720 720 32 51 204
motion R13 31 20 20 760 760 172 23 120 32 20 20 760 760 198 102 27
motion R13 32 0 0 800 800 157 212 160 33 0 0 800 800 32 93 99
shape R14 rectangle
motion R14 15 380 380 40 40 0 0 0 15 380 380 40 40 0 0 0
motion R14 15 360 360 80 80 0 0 0 16 360 360 80 80 0 0 0
motion R14 16 340 340 120 120 0 0 0 17 340 340 120 120 0 0 0
motion R14 17 320 320 160 160 0 0 0 18 320 320 160 160 0 0 0
motion R14 18 300 300 200 200 0 0 0 19 300 300 200 200 0 0 0
motion R14 19 280 280 240 240 0 0 0 20 280 280 240 240 0 0 0
motion R14 20 260 260 280 280 0 0 0 21 260 260 280 280 0 0 0
motion R14 21 240 240 320 320 0 0 0 22 240 240 320 320 0 0 0
motion R14 22 220 220 360 360 0 0 0 23 220 220 360 360 0 0 0
motion R14 23 200 200 400 400 0 0 0 24 200 200 400 400 0 0 0
motion R14 24 180 180 440 440 0 0 0 25 180 180 440 440 0 0 0
motion R14 25 160 160 480 480 0 0 0 26 160 160 480 480 0 0 0
motion R14 26 140 140 520 520 0 0 0 27 140 140 520 520 0 0 0
motion R14 27 120 120 560 560 0 0 0 28 120 120 560 560 0 0 0
motion R14 28 100 100 600 600 0 0 0 29 100 100 600 600 0 0 0
motion R14 29 80 80 640 640 0 0 0 30 80 80 640 640 0 0 0
motion R14 30 60 60 680 680 0 0 0 31 60 60 680 680 0 0 0
motion R14 31 40 40 720 720 0 0 0 32 40 40 720 720 0 0 0
motion R14 32 20 20 760 760 0 0 0 33 20 20 760 760 0 0 0
motion R14 33 0 0 800 800 0 0 0 34 0 0 800 800 0 0 0
shape R15 rectangle
motion R15 16 380 380 40 40 255 255 255 16 380 380 40 40 255 255 255
motion R15 16 360 360 80 80 49 110 16 17 360 360 80 80 242 137 156
motion R15 17 340 340 120 120 9 39 63 18 340 340 120 120 18 238 0
motion R15 18 320 320 160 160 179 80 13 19 320 320 160 160 93 118 238
motion R15 19 300 300 200 200 174 110 216 20 300 300 200 200 181 76 8
motion R15 20 280 280 240 240 97 100 121 21 280 280 240 240 172 66 155
motion R15 21 260 260 280 280 199 244 189 22 260 260 280 280 208 80 79
motion R15 22 240 240 320 320 43 216 48 23 240 240 320 320 50 122 12
motion R15 23 220 220 360 360 42 120 100 24 220 220 360 360 204 12 89
motion R15 24 200 200 400 400 70 205 69 25 200 200 400 400 153 196 233
motion R15 25 180 180 440 440 78 163 92 26 180 180 440 440 14 253 110
motion R15 26 160 160 480 480 208 117 229 27 160 160 480 480 13 17 160
motion R15 27 140 140 520 520 31 4 240 28 140 140 520 520 70 117 242
motion R15 28 120 120 560 560 135 96 172 29 120 120 560 560 10 172 53
motion R15 29 100 100 600 600 17 26 248 30 100 100 600 600 132 101 67
motion R15 30 80 80 640 640 184 180 27 31 80 80 640 640 68 87 238
motion R15 31 60 60 680 680 57 195 249 32 60 60 680 680 252 2 34
motion R15 32 40 40 720 720 89 114 249 33 40 40 720 720 236 81 247
motion R15 33 20 20 760 760 192 108 139 34 20 20 760 760 148 64 112
motion R15 34 0 0 800 800 185 63 49 35 0 0 800 800 33 199 44
shape R16 rectangle
motion R16 17 380 380 40 40 0 0 0 17 380 380 40 40 0 0 0
motion R16 17 360 360 80 80 0 0 0 18 360 360 80 80 0 0 0
motion R16 18 340 340 120 120 0 0 0 19 340 340 120 120 0 0 0
motion R16 19 320 320 160 160 0 0 0 20 320 320 160 160 0 0 0
motion R16 20 300 300 200 200 0 0 0 21 300 300 200 200 0 0 0
motion R16 21 280 280 240 240 0 0 0 22 280 280 240 240 0 0 0
motion R16 22 260 260 280 280 0 0 0 23 260 260 280 280 0 0 0
motion R16 23 240 240 320 320 0 0 0 24 240 240 320 320 0 0 0
motion R16 24 220 220 360 360 0 0 0 25 220 220 360 360 0 0 0
motion R16 25 200 200 400 400 0 0 0 26 200 200 400 400 0 0 0
motion R16 26 180 180 440 440 0 0 0 27 180 180 440 440 0 0 0
motion R16 27 160 160 480 480 0 0 0 28 160 160 480 480 0 0 0
motion R16 28 140 140 520 520 0 0 0 29 140 140 520 520 0 0 0
motion R16 29 120 120 560 560 0 0 0 30 120 120 560 560 0 0 0
motion R16 30 100 100 600 600 0 0 0 31 100 100 600 600 0 0 0
motion R16 31 80 80 640 640 0 0 0 32 80 80 640 640 0 0 0
motion R16 32 60 60 680 680 0 0 0 33 60 60 680 680 0 0 0
motion R16 33 40 40 720 720 0 0 0 34 40 40 720 720 0 0 0
motion R16 34 20 20 760 760 0 0 0 35 20 20 760 760 0 0 0
motion R16 35 0 0 800 800 0 0 0 36 0 0 800 800 0 0 0
shape R17 rectangle
motion R17 18 380 380 40 40 255 255 255 18 380 380 40 40 255 255 255
motion R17 18 360 360 80 80 146 122 13 19 360 360 80 80 46 120 86
motion R17 19 340 340 120 120 67 69 14 20 340 340 120 120 14 34 79
motion R17 20 320 320 160 160 180 255 95 21 320 320 160 160 72 2 7
motion R17 21 300 300 200 200 180 60 18 22 300 300 200 200 212 165 161
motion R17 22 280 280 240 240 202 171 112 23 280 280 240 240 59 54 61
motion R17 23 260 260 280 280 158 198 44 24 260 260 280 280 171 134 216
motion R17 24 240 240 320 320 170 86 180 25 240 240 320 320 183 73 129
motion R17 25 220 220 360 360 53 252 149 26 220 220 360 360 108 238 238
motion R17 26 200 200 400 400 222 164 87 27 200 200 400 400 11 146 72
motion R17 27 180 180 440 440 36 197 69 28 180 180 440 440 141 41 208
motion R17 28 160 160 480 480 235 43 64 29 160 160 480 480 126 249 193
motion R17 29 140 140 520 520 117 54 219 30 140 140 520 520 12 43 23
motion R17 30 120 120 560 560 31 40 228 31 120 120 560 560 253 180 225
motion R17 31 100 100 600 600 99 84 143 32 100 100 600 600 157 83 238
motion R17 32 80 80 640 640 242 188 142 33 80 80 640 640 111 97 112
motion R17 33 60 60 680 680 13 100 84 34 60 60 680 680 122 242 55
motion R17 34 40 40 720 720 243 176 48 35 40 40 720 720 54 22 72
motion R17 35 20 20 760 760 130 139 150 36 20 20 760 760 127 207 163
motion R17 36 0 0 800 800 58 197 10 37 0 0 800 800 92 211 71
shape R18 rectangle
motion R18 19 380 380 40 40 0 0 0 19 380 380 40 40 0 0 0
motion R18 19 360 360 80 80 0 0 0 20 360 360 80 80 0 0 0
motion R18 20 340 340 120 120 0 0 0 21 340 340 120 120 0 0 0
motion R18 21 320 320 160 160 0 0 0 22 320 320 160 160 0 0 0
motion R18 22 300 300 200 200 0 0 0 23 300 300 200 200 0 0 0
motion R18 23 280 280 240 240 0 0 0 24 280 280 240 240 0 0 0
motion R18 24 260 260 280 280 0 0 0 25 260 260 280 280 0 0 0
motion R18 25 240 240 320 320 0 0 0 26 240 240 320 320 0 0 0
motion R18 26 220 220 360 360 0 0 0 27 220 220 360 360 0 0 0
motion R18 27 200 200 400 400 0 0 0 28 200 200 400 400 0 0 0
motion R18 28 180 180 440 440 0 0 0 29 180 180 440 440 0 0 0
motion R18 29 160 160 480 480 0 0 0 30 160 160 480 480 0 0 0
motion R18 30 140 140 520 520 0 0 0 31 140 140 520 520 0 0 0
motion R18 31 120 120 560 560 0 0 0 32 120 120 560 560 0 0 0
motion R18 32 100 100 600 600 0 0 0 33 100 100 600 600 0 0 0
motion R18 33 80 80 640 640 0 0 0 34 80 80 640 640 0 0 0
motion R18 34 60 60 680 680 0 0 0 35 60 60 680 680 0 0 0
motion R18 35 40 40 720 720 0 0 0 36 40 40 720 720 0 0 0
motion R18 36 20 20 760 760 0 0 0 37 20 20 760 760 0 0 0
motion R18 37 0 0 800 800 0 0 0 38 0 0 800 800 0 0 0
shape R19 rectangle
motion R19 20 380 380 40 40 255 255 255 20 380 380 40 40 255 255 255
motion R19 20 360 360 80 80 35 254 160 21 360 360 80 80 145 11 187
motion R19 21 340 340 120 120 78 196 176 22 340 340 120 120 167 92 76
motion R19 22 320 320 160 160 32 196 220 23 320 320 160 160 221 83 219
motion R19 23 300 300 200 200 88 130 247 24 300 300 200 200 142 72 4
motion R19 24 280 280 240 240 31 235 199 25 280 280 240 240 196 171 165
motion R19 25 260 260 280 280 139 115 62 26 260 260 280 280 100 89 102
motion R19 26 240 240 320 320 171 22 34 27 240 240 320 320 201 74 207
motion R19 27 220 220 360 360 127 98 122 28 220 220 360 360 97 23 222
motion R19 28 200 200 400 400 79 180 56 29 200 200 400 400 235 76 72
motion R19 29 180 180 440 440 18 76 13 30 180 180 440 440 186 252 184
motion R19 30 160 160 480 480 223 208 168 31 160 160 480 480 26 56 227
motion R19 31 140 140 520 520 128 147 10 32 140 140 520 520 110 111 28
motion R19 32 120 120 560 560 35 248 223 33 120 120 560 560 247 25 222
motion R19 33 100 100 600 600 66 44 192 34 100 100 600 600 153 159 124
motion R19 34 80 80 640 640 140 190 42 35 80 80 640 640 23 208 131
motion R19 35 60 60 680 680 198 154 154 36 60 60 680 680 182 22 35
motion R19 36 40 40 720 720 249 236 223 37 40 40 720 720 217 206 129
motion R19 37 20 20 760 760 114 116 177 38 20 20 760 760 44 85 241
motion R19 38 0 0 800 800 21 10 30 39 0 0 800 800 41 28 57
